  0        0 5.0
  1   100000 0.0
  2   200000 6.0
  3   300000 10.0
  4   400000 12.0
  5   500000 23.0
  6   600000 17.0
  7   700000 17.0
  8   800000 20.0
  9   900000 21.0
 10  1000000 27.0
 11  1100000 28.0
 12  1200000 23.0
 13  1300000 32.0
 14  1400000 27.0
 15  1500000 49.0
 16  1600000 36.0
 17  1700000 61.0
 18  1800000 45.0
 19  1900000 59.0
 20  2000000 56.0
 21  2100000 60.0
 22  2200000 60.0
 23  2300000 57.0
 24  2400000 24.0
 25  2500000 116.0
 26  2600000 66.0
 27  2700000 75.0
 28  2800000 69.0
 29  2900000 107.0
 30  3000000 75.0
 31  3100000 126.0
 32  3200000 177.0
 33  3300000 207.0
 34  3400000 112.0
 35  3500000 118.0
 36  3600000 123.0
 37  3700000 202.0
 38  3800000 202.0
 39  3900000 112.0
 40  4000000 127.0
 41  4100000 59.0
 42  4200000 140.0
 43  4300000 58.0
 44  4400000 60.0
 45  4500000 61.0
 46  4600000 99.0
 47  4700000 122.0
 48  4800000 108.0
 49  4900000 104.0
 50  5000000 129.0
 51  5100000 247.0
 52  5200000 221.0
 53  5300000 195.0
 54  5400000 257.0
 55  5500000 103.0
 56  5600000 103.0
 57  5700000 296.0
 58  5800000 331.0
 59  5900000 331.0
 60  6000000 212.0
 61  6100000 243.0
 62  6200000 61.0
 63  6300000 127.0
 64  6400000 98.0
 65  6500000 89.0
 66  6600000 95.0
 67  6700000 165.0
 68  6800000 201.0
 69  6900000 247.0
 70  7000000 137.0
 71  7100000 236.0
 72  7200000 181.0
 73  7300000 230.0
 74  7400000 367.0
 75  7500000 197.0
 76  7600000 186.0
 77  7700000 195.0
 78  7800000 195.0
 79  7900000 118.0
 80  8000000 212.0
 81  8100000 196.0
 82  8200000 169.0
 83  8300000 221.0
 84  8400000 353.0
 85  8500000 177.0
 86  8600000 212.0
 87  8700000 90.0
 88  8800000 159.0
 89  8900000 279.0
 90  9000000 189.0
 91  9100000 103.0
 92  9200000 257.0
 93  9300000 192.0
 94  9400000 61.0
 95  9500000 261.0
 96  9600000 246.0
 97  9700000 274.0
 98  9800000 179.0
 99  9900000 196.0
100 10000000 170.0
101 10100000 271.0
102 10200000 206.0
103 10300000 266.0
104 10400000 270.0
105 10500000 243.0
106 10600000 151.0
107 10700000 42.0
108 10800000 223.0
109 10900000 47.0
110 11000000 222.0
111 11100000 120.0
112 11200000 319.0
113 11300000 208.0
114 11400000 274.0
115 11500000 249.0
116 11600000 265.0
117 11700000 246.0
118 11800000 339.0
119 11900000 300.0
120 12000000 343.0
121 12100000 261.0
122 12200000 41.0
123 12300000 311.0
124 12400000 304.0
125 12500000 264.0
126 12600000 306.0
127 12700000 137.0
128 12800000 324.0
129 12900000 239.0
130 13000000 260.0
131 13100000 182.0
132 13200000 331.0
133 13300000 260.0
134 13400000 266.0
135 13500000 298.0
136 13600000 284.0
137 13700000 297.0
138 13800000 311.0
139 13900000 44.0
140 14000000 370.0
141 14100000 35.0
142 14200000 222.0
143 14300000 222.0
144 14400000 310.0
145 14500000 243.0
146 14600000 405.0
147 14700000 288.0
148 14800000 316.0
149 14900000 191.0
150 15000000 380.0
151 15100000 325.0
152 15200000 402.0
153 15300000 222.0
154 15400000 396.0
155 15500000 316.0
156 15600000 412.0
157 15700000 414.0
158 15800000 327.0
159 15900000 371.0
160 16000000 351.0
161 16100000 59.0
162 16200000 317.0
163 16300000 117.0
164 16400000 423.0
165 16500000 355.0
166 16600000 331.0
167 16700000 362.0
168 16800000 336.0
169 16900000 418.0
170 17000000 385.0
171 17100000 266.0
172 17200000 416.0
173 17300000 70.0
174 17400000 415.0
175 17500000 415.0
176 17600000 391.0
177 17700000 411.0
178 17800000 331.0
179 17900000 429.0
180 18000000 345.0
181 18100000 418.0
182 18200000 364.0
183 18300000 366.0
184 18400000 337.0
185 18500000 409.0
186 18600000 354.0
187 18700000 54.0
188 18800000 350.0
189 18900000 369.0
190 19000000 417.0
191 19100000 390.0
192 19200000 376.0
193 19300000 411.0
194 19400000 405.0
195 19500000 405.0
196 19600000 354.0
197 19700000 354.0
198 19800000 365.0
199 19900000 397.0
200 20000000 414.0
201 20100000 421.0
202 20200000 414.0
203 20300000 431.0
204 20400000 399.0
205 20500000 422.0
206 20600000 381.0
207 20700000 409.0
208 20800000 409.0
209 20900000 422.0
210 21000000 36.0
211 21100000 371.0
212 21200000 362.0
213 21300000 361.0
214 21400000 322.0
215 21500000 362.0
216 21600000 276.0
217 21700000 421.0
218 21800000 72.0
219 21900000 355.0
220 22000000 338.0
221 22100000 11.0
222 22200000 347.0
223 22300000 316.0
224 22400000 75.0
225 22500000 379.0
226 22600000 376.0
227 22700000 373.0
228 22800000 409.0
229 22900000 19.0
230 23000000 394.0
231 23100000 430.0
232 23200000 400.0
233 23300000 370.0
234 23400000 405.0
235 23500000 415.0
236 23600000 415.0
237 23700000 413.0
238 23800000 361.0
239 23900000 387.0
240 24000000 36.0
241 24100000 367.0
242 24200000 211.0
243 24300000 343.0
244 24400000 313.0
245 24500000 317.0
246 24600000 411.0
247 24700000 354.0
248 24800000 408.0
249 24900000 165.0
250 25000000 397.0
251 25100000 392.0
252 25200000 398.0
253 25300000 407.0
254 25400000 364.0
255 25500000 399.0
256 25600000 391.0
257 25700000 406.0
258 25800000 407.0
259 25900000 397.0
260 26000000 397.0
261 26100000 429.0
262 26200000 414.0
263 26300000 402.0
264 26400000 406.0
265 26500000 17.0
266 26600000 397.0
267 26700000 407.0
268 26800000 381.0
269 26900000 384.0
270 27000000 398.0
271 27100000 400.0
272 27200000 398.0
273 27300000 413.0
274 27400000 394.0
275 27500000 402.0
276 27600000 403.0
277 27700000 390.0
278 27800000 417.0
279 27900000 403.0
280 28000000 412.0
281 28100000 378.0
282 28200000 378.0
283 28300000 408.0
284 28400000 406.0
285 28500000 400.0
286 28600000 415.0
287 28700000 419.0
288 28800000 422.0
289 28900000 412.0
290 29000000 419.0
291 29100000 419.0
292 29200000 367.0
293 29300000 404.0
294 29400000 404.0
295 29500000 404.0
296 29600000 404.0
297 29700000 398.0
298 29800000 376.0
299 29900000 313.0
300 30000000 405.0
301 30100000 300.0
302 30200000 370.0
303 30300000 407.0
304 30400000 405.0
305 30500000 395.0
306 30600000 325.0
307 30700000 388.0
308 30800000 418.0
309 30900000 418.0
310 31000000 373.0
311 31100000 403.0
312 31200000 399.0
313 31300000 399.0
314 31400000 406.0
315 31500000 409.0
316 31600000 421.0
317 31700000 363.0
318 31800000 369.0
319 31900000 375.0
320 32000000 426.0
321 32100000 391.0
322 32200000 399.0
323 32300000 408.0
324 32400000 365.0
325 32500000 386.0
326 32600000 397.0
327 32700000 34.0
328 32800000 419.0
329 32900000 397.0
330 33000000 49.0
331 33100000 418.0
332 33200000 397.0
333 33300000 397.0
334 33400000 375.0
335 33500000 375.0
336 33600000 416.0
337 33700000 356.0
338 33800000 407.0
339 33900000 410.0
340 34000000 403.0
341 34100000 403.0
342 34200000 377.0
343 34300000 374.0
344 34400000 405.0
345 34500000 324.0
346 34600000 413.0
347 34700000 65.0
348 34800000 397.0
349 34900000 409.0
350 35000000 397.0
351 35100000 411.0
352 35200000 394.0
353 35300000 394.0
354 35400000 47.0
355 35500000 421.0
356 35600000 402.0
357 35700000 350.0
358 35800000 407.0
359 35900000 418.0
360 36000000 425.0
361 36100000 424.0
362 36200000 387.0
363 36300000 38.0
364 36400000 408.0
365 36500000 365.0
366 36600000 39.0
367 36700000 419.0
368 36800000 412.0
369 36900000 412.0
370 37000000 402.0
371 37100000 413.0
372 37200000 410.0
373 37300000 414.0
374 37400000 412.0
375 37500000 401.0
376 37600000 315.0
377 37700000 409.0
378 37800000 354.0
379 37900000 395.0
380 38000000 369.0
381 38100000 361.0
382 38200000 399.0
383 38300000 397.0
384 38400000 397.0
385 38500000 397.0
386 38600000 397.0
387 38700000 404.0
388 38800000 399.0
389 38900000 377.0
390 39000000 426.0
391 39100000 399.0
392 39200000 29.0
393 39300000 399.0
394 39400000 410.0
395 39500000 399.0
396 39600000 399.0
397 39700000 364.0
398 39800000 401.0
399 39900000 375.0
400 40000000 397.0
401 40100000 377.0
402 40200000 415.0
403 40300000 429.0
404 40400000 377.0
405 40500000 395.0
406 40600000 392.0
407 40700000 411.0
408 40800000 385.0
409 40900000 395.0
410 41000000 416.0
411 41100000 422.0
412 41200000 414.0
413 41300000 410.0
414 41400000 390.0
415 41500000 419.0
416 41600000 319.0
417 41700000 343.0
418 41800000 413.0
419 41900000 19.0
420 42000000 399.0
421 42100000 25.0
422 42200000 25.0
423 42300000 397.0
424 42400000 407.0
425 42500000 399.0
426 42600000 428.0
427 42700000 428.0
428 42800000 397.0
429 42900000 397.0
430 43000000 389.0
431 43100000 411.0
432 43200000 417.0
433 43300000 365.0
434 43400000 408.0
435 43500000 421.0
436 43600000 375.0
437 43700000 397.0
438 43800000 337.0
439 43900000 392.0
440 44000000 408.0
441 44100000 51.0
442 44200000 425.0
443 44300000 418.0
444 44400000 398.0
445 44500000 412.0
446 44600000 397.0
447 44700000 407.0
448 44800000 425.0
449 44900000 426.0
450 45000000 405.0
451 45100000 401.0
452 45200000 415.0
453 45300000 409.0
454 45400000 410.0
455 45500000 409.0
456 45600000 17.0
457 45700000 411.0
458 45800000 394.0
459 45900000 394.0
460 46000000 394.0
461 46100000 394.0
462 46200000 424.0
463 46300000 394.0
464 46400000 416.0
465 46500000 398.0
466 46600000 414.0
467 46700000 394.0
468 46800000 418.0
469 46900000 377.0
470 47000000 388.0
471 47100000 394.0
472 47200000 397.0
473 47300000 394.0
474 47400000 394.0
475 47500000 15.0
476 47600000 400.0
477 47700000 410.0
478 47800000 394.0
479 47900000 394.0
480 48000000 414.0
481 48100000 28.0
482 48200000 410.0
483 48300000 14.0
484 48400000 406.0
485 48500000 394.0
486 48600000 413.0
487 48700000 423.0
488 48800000 411.0
489 48900000 408.0
490 49000000 414.0
491 49100000 415.0
492 49200000 415.0
493 49300000 397.0
494 49400000 397.0
495 49500000 394.0
496 49600000 389.0
497 49700000 412.0
498 49800000 413.0
499 49900000 402.0
492 49200000 415.0
500 50000000 402.0
501 50100000 422.0
