  0        0 0.0
  1   100000 0.0
  2   200000 3.0
  3   300000 0.0
  4   400000 9.0
  5   500000 9.0
  6   600000 12.0
  7   700000 11.0
  8   800000 15.0
  9   900000 18.0
 10  1000000 19.0
 11  1100000 16.0
 12  1200000 22.0
 13  1300000 20.0
 14  1400000 32.0
 15  1500000 40.0
 16  1600000 52.0
 17  1700000 53.0
 18  1800000 53.0
 19  1900000 37.0
 20  2000000 34.0
 21  2100000 50.0
 22  2200000 45.0
 23  2300000 56.0
 24  2400000 75.0
 25  2500000 65.0
 26  2600000 31.0
 27  2700000 79.0
 28  2800000 71.0
 29  2900000 75.0
 30  3000000 64.0
 31  3100000 87.0
 32  3200000 67.0
 33  3300000 105.0
 34  3400000 59.0
 35  3500000 83.0
 36  3600000 78.0
 37  3700000 49.0
 38  3800000 101.0
 39  3900000 21.0
 40  4000000 266.0
 41  4100000 224.0
 42  4200000 217.0
 43  4300000 53.0
 44  4400000 135.0
 45  4500000 101.0
 46  4600000 131.0
  0        0 0.0
  1   100000 0.0
  2   200000 5.0
  3   300000 9.0
  4   400000 17.0
  5   500000 17.0
  6   600000 20.0
  7   700000 18.0
  8   800000 10.0
  9   900000 15.0
 10  1000000 15.0
 11  1100000 17.0
 12  1200000 35.0
 13  1300000 37.0
 14  1400000 26.0
 15  1500000 43.0
 16  1600000 41.0
 17  1700000 34.0
 18  1800000 31.0
 19  1900000 29.0
 20  2000000 28.0
 21  2100000 44.0
 22  2200000 56.0
 23  2300000 61.0
 24  2400000 78.0
 25  2500000 58.0
 26  2600000 74.0
 27  2700000 82.0
 28  2800000 54.0
 29  2900000 108.0
 30  3000000 42.0
 31  3100000 41.0
 32  3200000 131.0
 33  3300000 100.0
 34  3400000 68.0
 35  3500000 102.0
 36  3600000 74.0
 37  3700000 73.0
 38  3800000 270.0
 39  3900000 61.0
 40  4000000 120.0
 41  4100000 59.0
 42  4200000 102.0
 43  4300000 26.0
 44  4400000 285.0
 45  4500000 210.0
 46  4600000 196.0
  0        0 0.0
  1   100000 1.0
  2   200000 2.0
  3   300000 5.0
  4   400000 9.0
  5   500000 18.0
  6   600000 14.0
  7   700000 15.0
  8   800000 19.0
  9   900000 15.0
 10  1000000 20.0
 11  1100000 17.0
 12  1200000 33.0
 13  1300000 18.0
 14  1400000 21.0
 15  1500000 51.0
 16  1600000 36.0
 17  1700000 40.0
 18  1800000 23.0
 19  1900000 40.0
 20  2000000 32.0
 21  2100000 23.0
 22  2200000 39.0
 23  2300000 56.0
 24  2400000 38.0
 25  2500000 40.0
 26  2600000 60.0
 27  2700000 30.0
 28  2800000 86.0
 29  2900000 59.0
 30  3000000 54.0
 31  3100000 70.0
 32  3200000 62.0
 33  3300000 81.0
 34  3400000 53.0
 35  3500000 101.0
 36  3600000 110.0
 37  3700000 209.0
 38  3800000 185.0
 39  3900000 161.0
 40  4000000 148.0
 41  4100000 101.0
 42  4200000 174.0
 43  4300000 166.0
 44  4400000 269.0
 45  4500000 61.0
 46  4600000 141.0
 47  4700000 65.0
 48  4800000 224.0
 49  4900000 203.0
 50  5000000 260.0
 51  5100000 186.0
 52  5200000 70.0
 53  5300000 78.0
 54  5400000 241.0
 55  5500000 210.0
  0        0 0.0
  1   100000 3.0
  2   200000 1.0
  3   300000 0.0
  4   400000 9.0
  5   500000 12.0
  6   600000 15.0
  7   700000 9.0
  8   800000 19.0
  9   900000 23.0
 10  1000000 21.0
 11  1100000 26.0
 12  1200000 29.0
 13  1300000 20.0
 14  1400000 24.0
 15  1500000 41.0
 16  1600000 41.0
 17  1700000 36.0
 18  1800000 33.0
 19  1900000 32.0
 20  2000000 29.0
 21  2100000 31.0
 22  2200000 39.0
 23  2300000 56.0
 24  2400000 45.0
 25  2500000 60.0
 26  2600000 51.0
 27  2700000 64.0
 28  2800000 82.0
 29  2900000 65.0
 30  3000000 48.0
 31  3100000 54.0
 32  3200000 36.0
 33  3300000 93.0
 34  3400000 70.0
 35  3500000 61.0
 36  3600000 92.0
 37  3700000 59.0
 38  3800000 85.0
 39  3900000 85.0
 40  4000000 82.0
 41  4100000 92.0
 42  4200000 117.0
 43  4300000 49.0
 44  4400000 190.0
 45  4500000 25.0
 46  4600000 91.0
 47  4700000 119.0
 48  4800000 193.0
 49  4900000 81.0
 50  5000000 122.0
 51  5100000 244.0
 52  5200000 195.0
 53  5300000 148.0
 54  5400000 213.0
 55  5500000 212.0
 56  5600000 201.0
 57  5700000 161.0
 58  5800000 160.0
 59  5900000 172.0
 60  6000000 0.0
 61  6100000 0.0
  0        0 0.0
  0        0 0.0
  1   100000 9.0
  2   200000 0.0
  3   300000 2.0
  4   400000 11.0
  5   500000 10.0
  6   600000 15.0
  7   700000 17.0
  8   800000 19.0
  9   900000 13.0
 10  1000000 20.0
 11  1100000 22.0
 12  1200000 36.0
 13  1300000 23.0
 14  1400000 37.0
  0        0 0.0
  0        0 0.0
  1   100000 0.0
  2   200000 0.0
  3   300000 0.0
  4   400000 9.0
  5   500000 12.0
  6   600000 13.0
  7   700000 21.0
  8   800000 14.0
  9   900000 20.0
 10  1000000 21.0
 11  1100000 27.0
 12  1200000 38.0
 13  1300000 29.0
 14  1400000 32.0
 15  1500000 26.0
 16  1600000 24.0
 17  1700000 15.0
 18  1800000 21.0
 19  1900000 51.0
 20  2000000 37.0
 21  2100000 55.0
 22  2200000 24.0
 23  2300000 21.0
 24  2400000 48.0
 25  2500000 102.0
 26  2600000 54.0
 27  2700000 68.0
 28  2800000 78.0
 29  2900000 51.0
 30  3000000 86.0
 31  3100000 125.0
 32  3200000 110.0
 33  3300000 92.0
 34  3400000 92.0
 35  3500000 121.0
 36  3600000 96.0
 37  3700000 97.0
 38  3800000 68.0
 39  3900000 69.0
 40  4000000 273.0
 41  4100000 115.0
 42  4200000 51.0
 43  4300000 123.0
 44  4400000 90.0
 45  4500000 242.0
 46  4600000 315.0
 47  4700000 337.0
 48  4800000 206.0
 49  4900000 353.0
 50  5000000 133.0
 51  5100000 263.0
 52  5200000 188.0
 53  5300000 337.0
 54  5400000 169.0
 55  5500000 266.0
 56  5600000 100.0
 57  5700000 178.0
 58  5800000 180.0
 59  5900000 210.0
 60  6000000 286.0
 61  6100000 279.0
 62  6200000 344.0
 63  6300000 285.0
 64  6400000 330.0
 65  6500000 127.0
 66  6600000 226.0
 67  6700000 284.0
 68  6800000 284.0
 69  6900000 162.0
 70  7000000 386.0
 71  7100000 83.0
 72  7200000 120.0
 73  7300000 247.0
 74  7400000 66.0
 75  7500000 104.0
 76  7600000 129.0
 77  7700000 105.0
 78  7800000 314.0
 79  7900000 175.0
 80  8000000 180.0
 81  8100000 147.0
 82  8200000 250.0
 83  8300000 94.0
 84  8400000 115.0
 85  8500000 258.0
 86  8600000 184.0
 87  8700000 331.0
 88  8800000 185.0
 89  8900000 239.0
 90  9000000 316.0
 91  9100000 393.0
 92  9200000 198.0
 93  9300000 178.0
 94  9400000 254.0
 95  9500000 127.0
 96  9600000 277.0
 97  9700000 273.0
 98  9800000 169.0
 99  9900000 207.0
100 10000000 309.0
101 10100000 160.0
102 10200000 328.0
103 10300000 290.0
104 10400000 183.0
105 10500000 265.0
106 10600000 306.0
107 10700000 348.0
108 10800000 305.0
109 10900000 26.0
110 11000000 214.0
111 11100000 394.0
112 11200000 394.0
113 11300000 206.0
114 11400000 332.0
115 11500000 356.0
116 11600000 316.0
117 11700000 323.0
118 11800000 289.0
119 11900000 369.0
120 12000000 328.0
121 12100000 348.0
122 12200000 304.0
123 12300000 318.0
124 12400000 340.0
125 12500000 170.0
126 12600000 360.0
127 12700000 360.0
128 12800000 117.0
129 12900000 42.0
130 13000000 163.0
131 13100000 80.0
132 13200000 145.0
133 13300000 74.0
134 13400000 77.0
135 13500000 314.0
136 13600000 131.0
137 13700000 233.0
138 13800000 233.0
139 13900000 109.0
140 14000000 89.0
141 14100000 59.0
142 14200000 88.0
143 14300000 63.0
144 14400000 64.0
145 14500000 64.0
146 14600000 55.0
147 14700000 83.0
148 14800000 269.0
149 14900000 361.0
150 15000000 330.0
151 15100000 330.0
152 15200000 235.0
153 15300000 185.0
154 15400000 186.0
155 15500000 359.0
156 15600000 96.0
157 15700000 64.0
158 15800000 273.0
159 15900000 170.0
160 16000000 179.0
161 16100000 361.0
162 16200000 374.0
163 16300000 69.0
164 16400000 66.0
165 16500000 234.0
166 16600000 329.0
167 16700000 306.0
168 16800000 371.0
169 16900000 388.0
170 17000000 388.0
171 17100000 317.0
172 17200000 148.0
173 17300000 84.0
174 17400000 132.0
175 17500000 340.0
176 17600000 275.0
177 17700000 66.0
178 17800000 369.0
179 17900000 248.0
180 18000000 296.0
181 18100000 366.0
182 18200000 400.0
183 18300000 400.0
184 18400000 231.0
185 18500000 316.0
186 18600000 183.0
187 18700000 183.0
188 18800000 376.0
189 18900000 410.0
190 19000000 362.0
191 19100000 362.0
192 19200000 311.0
193 19300000 268.0
194 19400000 62.0
195 19500000 408.0
196 19600000 131.0
197 19700000 89.0
198 19800000 67.0
199 19900000 86.0
200 20000000 247.0
201 20100000 196.0
202 20200000 253.0
203 20300000 169.0
204 20400000 307.0
205 20500000 360.0
206 20600000 126.0
207 20700000 210.0
208 20800000 401.0
209 20900000 230.0
210 21000000 387.0
211 21100000 380.0
212 21200000 295.0
213 21300000 151.0
214 21400000 252.0
215 21500000 388.0
216 21600000 60.0
217 21700000 166.0
218 21800000 166.0
219 21900000 100.0
220 22000000 287.0
221 22100000 343.0
222 22200000 110.0
223 22300000 297.0
224 22400000 68.0
225 22500000 165.0
226 22600000 360.0
227 22700000 102.0
228 22800000 189.0
229 22900000 317.0
230 23000000 290.0
231 23100000 291.0
232 23200000 335.0
233 23300000 405.0
234 23400000 405.0
235 23500000 74.0
236 23600000 334.0
237 23700000 118.0
238 23800000 64.0
239 23900000 329.0
240 24000000 350.0
241 24100000 271.0
242 24200000 366.0
243 24300000 136.0
244 24400000 258.0
245 24500000 345.0
246 24600000 280.0
247 24700000 330.0
248 24800000 309.0
249 24900000 339.0
250 25000000 332.0
251 25100000 317.0
252 25200000 317.0
253 25300000 255.0
254 25400000 255.0
255 25500000 261.0
256 25600000 344.0
257 25700000 344.0
258 25800000 417.0
259 25900000 375.0
260 26000000 384.0
261 26100000 384.0
262 26200000 370.0
263 26300000 333.0
264 26400000 347.0
265 26500000 347.0
266 26600000 43.0
267 26700000 79.0
268 26800000 117.0
269 26900000 294.0
270 27000000 340.0
271 27100000 307.0
272 27200000 371.0
261 26100000 384.0
273 27300000 371.0
274 27400000 371.0
275 27500000 356.0
276 27600000 364.0
277 27700000 364.0
278 27800000 368.0
279 27900000 160.0
280 28000000 368.0
281 28100000 99.0
282 28200000 212.0
283 28300000 154.0
284 28400000 313.0
285 28500000 118.0
286 28600000 188.0
287 28700000 361.0
288 28800000 277.0
289 28900000 369.0
290 29000000 365.0
291 29100000 384.0
292 29200000 384.0
293 29300000 61.0
294 29400000 329.0
295 29500000 77.0
296 29600000 321.0
297 29700000 259.0
298 29800000 259.0
299 29900000 289.0
300 30000000 82.0
301 30100000 326.0
302 30200000 247.0
303 30300000 363.0
304 30400000 351.0
305 30500000 210.0
306 30600000 269.0
307 30700000 291.0
308 30800000 348.0
309 30900000 279.0
310 31000000 248.0
311 31100000 153.0
312 31200000 387.0
313 31300000 295.0
314 31400000 301.0
315 31500000 338.0
316 31600000 316.0
317 31700000 325.0
318 31800000 348.0
319 31900000 385.0
320 32000000 420.0
321 32100000 347.0
322 32200000 348.0
323 32300000 309.0
324 32400000 384.0
325 32500000 273.0
326 32600000 102.0
327 32700000 102.0
328 32800000 378.0
329 32900000 146.0
330 33000000 273.0
331 33100000 175.0
332 33200000 359.0
333 33300000 61.0
334 33400000 81.0
335 33500000 59.0
336 33600000 207.0
337 33700000 346.0
338 33800000 346.0
339 33900000 330.0
340 34000000 54.0
341 34100000 269.0
342 34200000 385.0
343 34300000 383.0
344 34400000 326.0
345 34500000 355.0
346 34600000 370.0
347 34700000 164.0
348 34800000 321.0
349 34900000 353.0
350 35000000 386.0
351 35100000 226.0
352 35200000 226.0
353 35300000 386.0
354 35400000 51.0
355 35500000 43.0
356 35600000 338.0
357 35700000 105.0
358 35800000 350.0
359 35900000 219.0
360 36000000 327.0
361 36100000 59.0
362 36200000 283.0
363 36300000 295.0
364 36400000 354.0
365 36500000 354.0
366 36600000 265.0
367 36700000 355.0
368 36800000 240.0
369 36900000 146.0
370 37000000 104.0
371 37100000 303.0
372 37200000 349.0
373 37300000 93.0
374 37400000 241.0
375 37500000 286.0
376 37600000 348.0
377 37700000 378.0
378 37800000 323.0
379 37900000 381.0
380 38000000 381.0
381 38100000 283.0
382 38200000 373.0
383 38300000 345.0
384 38400000 368.0
385 38500000 318.0
386 38600000 76.0
387 38700000 265.0
388 38800000 360.0
389 38900000 367.0
390 39000000 367.0
391 39100000 318.0
392 39200000 311.0
393 39300000 316.0
394 39400000 320.0
395 39500000 321.0
396 39600000 350.0
397 39700000 343.0
398 39800000 317.0
399 39900000 350.0
400 40000000 337.0
401 40100000 318.0
402 40200000 409.0
403 40300000 299.0
404 40400000 349.0
405 40500000 373.0
406 40600000 310.0
407 40700000 344.0
408 40800000 366.0
409 40900000 338.0
410 41000000 333.0
411 41100000 307.0
412 41200000 322.0
413 41300000 322.0
414 41400000 343.0
415 41500000 330.0
416 41600000 330.0
417 41700000 364.0
418 41800000 337.0
419 41900000 309.0
420 42000000 313.0
421 42100000 232.0
422 42200000 332.0
423 42300000 332.0
424 42400000 345.0
425 42500000 323.0
426 42600000 374.0
427 42700000 204.0
428 42800000 343.0
429 42900000 138.0
430 43000000 132.0
431 43100000 204.0
432 43200000 355.0
433 43300000 319.0
434 43400000 349.0
435 43500000 404.0
436 43600000 302.0
437 43700000 327.0
438 43800000 363.0
439 43900000 301.0
440 44000000 354.0
441 44100000 305.0
442 44200000 360.0
443 44300000 328.0
444 44400000 353.0
445 44500000 324.0
446 44600000 334.0
447 44700000 204.0
448 44800000 334.0
449 44900000 357.0
450 45000000 357.0
451 45100000 337.0
452 45200000 330.0
453 45300000 328.0
454 45400000 394.0
455 45500000 373.0
456 45600000 366.0
457 45700000 319.0
458 45800000 382.0
459 45900000 409.0
460 46000000 327.0
461 46100000 354.0
462 46200000 327.0
463 46300000 350.0
464 46400000 343.0
465 46500000 336.0
466 46600000 358.0
467 46700000 391.0
468 46800000 368.0
469 46900000 343.0
470 47000000 318.0
471 47100000 361.0
472 47200000 380.0
473 47300000 410.0
474 47400000 356.0
475 47500000 324.0
476 47600000 419.0
477 47700000 380.0
478 47800000 344.0
479 47900000 358.0
480 48000000 412.0
481 48100000 341.0
482 48200000 360.0
483 48300000 390.0
484 48400000 331.0
485 48500000 345.0
486 48600000 405.0
487 48700000 365.0
488 48800000 427.0
489 48900000 413.0
490 49000000 346.0
491 49100000 374.0
492 49200000 377.0
493 49300000 376.0
494 49400000 373.0
495 49500000 405.0
496 49600000 377.0
497 49700000 368.0
498 49800000 369.0
499 49900000 375.0
500 50000000 369.0
501 50100000 402.0
502 50200000 407.0
