  1   100000 4.0
  2   200000 9.0
  3   300000 13.0
  4   400000 13.0
  5   500000 11.0
  6   600000 17.0
  7   700000 24.0
  8   800000 20.0
  9   900000 34.0
 10  1000000 28.0
 11  1100000 40.0
 12  1200000 34.0
 13  1300000 29.0
 14  1400000 38.0
 15  1500000 41.0
 16  1600000 53.0
 17  1700000 23.0
 18  1800000 62.0
 19  1900000 65.0
 20  2000000 43.0
 21  2100000 58.0
 22  2200000 79.0
 23  2300000 41.0
 24  2400000 71.0
 25  2500000 93.0
 26  2600000 79.0
 27  2700000 83.0
 28  2800000 75.0
 29  2900000 96.0
 30  3000000 143.0
 31  3100000 150.0
 32  3200000 100.0
 33  3300000 91.0
 34  3400000 139.0
 35  3500000 278.0
 36  3600000 307.0
 37  3700000 89.0
 38  3800000 320.0
 39  3900000 277.0
 40  4000000 186.0
 41  4100000 171.0
 42  4200000 158.0
 43  4300000 239.0
 44  4400000 278.0
 45  4500000 197.0
 46  4600000 197.0
 47  4700000 78.0
 48  4800000 103.0
 49  4900000 57.0
 50  5000000 75.0
 51  5100000 93.0
 52  5200000 70.0
 53  5300000 57.0
 54  5400000 105.0
 55  5500000 87.0
 56  5600000 132.0
 57  5700000 154.0
 58  5800000 154.0
 59  5900000 349.0
 60  6000000 256.0
 61  6100000 151.0
 62  6200000 248.0
 63  6300000 278.0
 64  6400000 296.0
 65  6500000 338.0
 66  6600000 239.0
 67  6700000 317.0
 68  6800000 217.0
 69  6900000 198.0
 70  7000000 262.0
 71  7100000 261.0
 72  7200000 238.0
 73  7300000 142.0
 74  7400000 289.0
 75  7500000 173.0
 76  7600000 179.0
 77  7700000 365.0
 78  7800000 388.0
 79  7900000 194.0
 80  8000000 297.0
 81  8100000 60.0
 82  8200000 292.0
 83  8300000 337.0
 84  8400000 204.0
 85  8500000 304.0
 86  8600000 218.0
 87  8700000 321.0
 88  8800000 264.0
 89  8900000 196.0
 90  9000000 92.0
 91  9100000 240.0
 92  9200000 232.0
 93  9300000 173.0
 94  9400000 329.0
 95  9500000 281.0
 96  9600000 170.0
 97  9700000 209.0
 98  9800000 407.0
 99  9900000 314.0
100 10000000 291.0
101 10100000 162.0
102 10200000 264.0
103 10300000 240.0
104 10400000 137.0
105 10500000 220.0
106 10600000 250.0
107 10700000 377.0
108 10800000 377.0
109 10900000 286.0
110 11000000 355.0
111 11100000 273.0
112 11200000 83.0
113 11300000 57.0
114 11400000 141.0
115 11500000 110.0
116 11600000 69.0
117 11700000 86.0
118 11800000 149.0
119 11900000 285.0
120 12000000 182.0
121 12100000 230.0
122 12200000 180.0
123 12300000 258.0
124 12400000 189.0
125 12500000 229.0
126 12600000 229.0
127 12700000 229.0
128 12800000 201.0
129 12900000 211.0
130 13000000 71.0
131 13100000 107.0
132 13200000 102.0
133 13300000 281.0
134 13400000 249.0
135 13500000 302.0
136 13600000 273.0
137 13700000 190.0
138 13800000 256.0
139 13900000 352.0
140 14000000 214.0
141 14100000 190.0
142 14200000 316.0
143 14300000 221.0
144 14400000 221.0
145 14500000 290.0
146 14600000 228.0
147 14700000 306.0
148 14800000 224.0
149 14900000 208.0
150 15000000 327.0
151 15100000 295.0
152 15200000 305.0
153 15300000 306.0
154 15400000 163.0
155 15500000 168.0
156 15600000 199.0
157 15700000 250.0
158 15800000 295.0
159 15900000 220.0
160 16000000 151.0
161 16100000 210.0
162 16200000 198.0
163 16300000 321.0
164 16400000 339.0
165 16500000 203.0
166 16600000 79.0
167 16700000 164.0
168 16800000 360.0
169 16900000 160.0
170 17000000 338.0
171 17100000 223.0
172 17200000 313.0
173 17300000 252.0
174 17400000 157.0
175 17500000 157.0
176 17600000 218.0
177 17700000 289.0
178 17800000 165.0
179 17900000 105.0
180 18000000 302.0
181 18100000 242.0
182 18200000 189.0
183 18300000 71.0
184 18400000 68.0
185 18500000 165.0
186 18600000 205.0
187 18700000 334.0
188 18800000 240.0
189 18900000 316.0
190 19000000 304.0
191 19100000 339.0
192 19200000 393.0
193 19300000 254.0
194 19400000 318.0
195 19500000 174.0
196 19600000 342.0
197 19700000 249.0
198 19800000 298.0
199 19900000 372.0
200 20000000 307.0
201 20100000 133.0
202 20200000 333.0
203 20300000 296.0
204 20400000 183.0
205 20500000 333.0
206 20600000 191.0
207 20700000 59.0
208 20800000 228.0
209 20900000 170.0
210 21000000 333.0
211 21100000 377.0
212 21200000 371.0
213 21300000 396.0
214 21400000 322.0
215 21500000 379.0
216 21600000 148.0
217 21700000 135.0
218 21800000 330.0
219 21900000 270.0
220 22000000 337.0
221 22100000 308.0
222 22200000 319.0
223 22300000 368.0
224 22400000 361.0
225 22500000 362.0
226 22600000 212.0
227 22700000 363.0
228 22800000 356.0
229 22900000 331.0
230 23000000 331.0
231 23100000 370.0
232 23200000 142.0
233 23300000 155.0
234 23400000 268.0
235 23500000 45.0
236 23600000 48.0
237 23700000 282.0
238 23800000 111.0
239 23900000 129.0
240 24000000 340.0
241 24100000 203.0
242 24200000 359.0
243 24300000 47.0
244 24400000 354.0
245 24500000 296.0
246 24600000 315.0
247 24700000 272.0
248 24800000 307.0
249 24900000 266.0
250 25000000 314.0
251 25100000 344.0
252 25200000 426.0
253 25300000 369.0
254 25400000 284.0
255 25500000 344.0
256 25600000 387.0
257 25700000 270.0
258 25800000 321.0
259 25900000 311.0
260 26000000 315.0
261 26100000 424.0
262 26200000 358.0
263 26300000 306.0
264 26400000 337.0
265 26500000 292.0
266 26600000 305.0
267 26700000 335.0
268 26800000 316.0
269 26900000 311.0
270 27000000 305.0
271 27100000 361.0
272 27200000 320.0
273 27300000 359.0
274 27400000 340.0
275 27500000 339.0
276 27600000 356.0
277 27700000 345.0
278 27800000 377.0
279 27900000 391.0
280 28000000 354.0
281 28100000 363.0
282 28200000 308.0
283 28300000 317.0
284 28400000 383.0
285 28500000 385.0
286 28600000 351.0
287 28700000 308.0
288 28800000 367.0
289 28900000 316.0
290 29000000 48.0
291 29100000 396.0
292 29200000 330.0
293 29300000 364.0
294 29400000 312.0
295 29500000 339.0
296 29600000 326.0
297 29700000 348.0
298 29800000 343.0
299 29900000 359.0
300 30000000 369.0
301 30100000 350.0
302 30200000 407.0
303 30300000 334.0
304 30400000 318.0
305 30500000 379.0
306 30600000 352.0
307 30700000 289.0
308 30800000 359.0
309 30900000 367.0
310 31000000 373.0
311 31100000 406.0
312 31200000 361.0
313 31300000 407.0
314 31400000 382.0
315 31500000 419.0
316 31600000 378.0
317 31700000 363.0
318 31800000 365.0
319 31900000 371.0
320 32000000 370.0
321 32100000 371.0
322 32200000 371.0
323 32300000 295.0
324 32400000 329.0
325 32500000 356.0
326 32600000 363.0
327 32700000 366.0
328 32800000 399.0
329 32900000 362.0
330 33000000 368.0
331 33100000 361.0
332 33200000 377.0
333 33300000 379.0
334 33400000 407.0
335 33500000 346.0
336 33600000 373.0
337 33700000 423.0
338 33800000 363.0
339 33900000 417.0
340 34000000 364.0
341 34100000 377.0
342 34200000 419.0
343 34300000 419.0
344 34400000 312.0
345 34500000 43.0
346 34600000 303.0
347 34700000 351.0
348 34800000 351.0
349 34900000 321.0
350 35000000 110.0
351 35100000 239.0
352 35200000 35.0
353 35300000 287.0
354 35400000 79.0
355 35500000 78.0
356 35600000 347.0
357 35700000 339.0
358 35800000 375.0
359 35900000 420.0
360 36000000 380.0
361 36100000 377.0
362 36200000 377.0
363 36300000 388.0
364 36400000 390.0
365 36500000 365.0
366 36600000 407.0
367 36700000 372.0
368 36800000 383.0
369 36900000 357.0
370 37000000 414.0
371 37100000 383.0
372 37200000 387.0
373 37300000 344.0
374 37400000 360.0
375 37500000 347.0
376 37600000 368.0
377 37700000 331.0
378 37800000 342.0
379 37900000 357.0
380 38000000 351.0
381 38100000 379.0
382 38200000 373.0
383 38300000 370.0
384 38400000 416.0
385 38500000 370.0
386 38600000 360.0
387 38700000 361.0
388 38800000 370.0
389 38900000 363.0
390 39000000 370.0
391 39100000 424.0
392 39200000 367.0
393 39300000 395.0
394 39400000 359.0
395 39500000 387.0
396 39600000 409.0
397 39700000 414.0
398 39800000 412.0
399 39900000 360.0
400 40000000 411.0
401 40100000 392.0
402 40200000 387.0
403 40300000 369.0
404 40400000 372.0
405 40500000 429.0
406 40600000 386.0
407 40700000 313.0
408 40800000 403.0
409 40900000 408.0
410 41000000 398.0
411 41100000 400.0
412 41200000 397.0
413 41300000 398.0
414 41400000 360.0
415 41500000 377.0
416 41600000 391.0
417 41700000 371.0
418 41800000 395.0
419 41900000 413.0
420 42000000 413.0
421 42100000 350.0
422 42200000 288.0
423 42300000 357.0
424 42400000 298.0
425 42500000 70.0
426 42600000 334.0
427 42700000 272.0
428 42800000 333.0
429 42900000 330.0
430 43000000 394.0
431 43100000 376.0
432 43200000 281.0
433 43300000 377.0
434 43400000 376.0
435 43500000 329.0
436 43600000 412.0
437 43700000 420.0
438 43800000 411.0
439 43900000 387.0
440 44000000 405.0
441 44100000 369.0
442 44200000 382.0
443 44300000 374.0
444 44400000 426.0
445 44500000 421.0
446 44600000 364.0
447 44700000 344.0
448 44800000 416.0
449 44900000 398.0
450 45000000 398.0
451 45100000 383.0
452 45200000 373.0
453 45300000 415.0
454 45400000 376.0
455 45500000 422.0
456 45600000 400.0
457 45700000 409.0
458 45800000 399.0
459 45900000 427.0
460 46000000 392.0
461 46100000 379.0
462 46200000 416.0
463 46300000 412.0
464 46400000 403.0
465 46500000 408.0
466 46600000 344.0
467 46700000 369.0
468 46800000 408.0
469 46900000 384.0
470 47000000 387.0
471 47100000 415.0
472 47200000 415.0
473 47300000 387.0
474 47400000 371.0
475 47500000 150.0
476 47600000 295.0
477 47700000 379.0
478 47800000 305.0
479 47900000 385.0
480 48000000 362.0
481 48100000 328.0
482 48200000 317.0
483 48300000 384.0
484 48400000 347.0
485 48500000 397.0
486 48600000 359.0
487 48700000 362.0
488 48800000 375.0
489 48900000 379.0
490 49000000 424.0
491 49100000 398.0
492 49200000 424.0
493 49300000 395.0
494 49400000 345.0
495 49500000 419.0
496 49600000 427.0
497 49700000 386.0
498 49800000 362.0
499 49900000 417.0
500 50000000 417.0
